vx_size=2359296 bytes
num_blocks=16
Block[0]:
  d[0-7]: 6.69956e-05 5.25713e-05 6.63996e-05 6.51479e-05 7.18832e-05 6.10948e-05 6.4075e-05 9.13739e-05 
  dmin[0-7]: 0.000556469 0.000416756 0.000589371 0.000465393 0.000636101 0.000486135 0.000432968 0.000603676 
  first 32 scales: 242 188 249 249 227 179 243 254 254 125 244 143 235 253 255 185 115 247 171 249 112 137 177 246 174 237 171 124 123 167 94 186 
  first 32 qs: 200 114 98 247 120 164 118 118 103 145 5 138 170 148 119 71 150 112 70 102 106 119 72 72 39 127 205 85 163 56 120 184 
Block[1]:
  d[0-7]: 8.08835e-05 7.42078e-05 8.18968e-05 6.58035e-05 6.50883e-05 6.13332e-05 6.00219e-05 7.22408e-05 
  dmin[0-7]: 0.00070715 0.00060463 0.000572205 0.000575542 0.000583649 0.000462532 0.000597477 0.000614643 
  first 32 scales: 236 180 232 235 179 103 169 232 184 247 5 61 235 245 234 247 155 244 232 179 192 248 255 191 161 235 168 171 101 170 110 98 
  first 32 qs: 93 92 122 144 111 91 59 106 132 150 134 184 129 126 117 133 117 119 7 59 117 95 42 102 133 139 184 47 141 153 23 129 
Block[2]:
  d[0-7]: 7.36713e-05 7.21216e-05 0.000106335 7.96318e-05 7.76052e-05 8.47578e-05 5.96046e-05 6.81877e-05 
  dmin[0-7]: 0.00049305 0.000653267 0.000720978 0.000558853 0.000797749 0.000847816 0.00047183 0.000438213 
  first 32 scales: 182 255 255 228 182 255 227 250 3 255 242 31 231 178 234 174 151 114 255 247 166 154 143 29 170 163 224 167 162 147 226 237 
  first 32 qs: 74 39 71 26 71 71 7 0 137 71 153 176 153 153 121 249 181 100 164 176 164 164 148 195 120 140 138 227 139 139 203 234 
