vy_size=4672 bytes
num_blocks=16
Block[0]:
  d: 0.00201763
  first 32 qs: 0 -22 -3 1 -81 -1 0 0 1 5 -8 0 0 -1 2 0 0 -1 -3 1 -68 0 -1 5 0 0 0 15 -22 -52 0 1 
  first 16 bsums: -107 -125 -107 48 1 -128 -3 -58 114 17 -58 80 -28 19 -16 10 
Block[1]:
  d: 0.00284677
  first 32 qs: 3 -4 0 -15 7 -2 2 -15 47 -1 3 0 -4 0 0 0 0 0 1 -2 -2 0 3 0 0 -2 -1 24 -5 0 -1 0 
  first 16 bsums: 21 15 8 16 10 84 -54 16 35 -23 -36 -13 -127 21 -11 -13 
Block[2]:
  d: 0.00374568
  first 32 qs: 1 6 0 1 0 0 0 1 0 0 0 0 0 -4 0 6 -2 -4 -1 1 0 0 0 -11 0 0 -1 -1 0 -4 0 1 
  first 16 bsums: 11 -22 11 -150 14 -7 0 -62 66 0 23 4 64 45 0 -16 
